1
5
9
5
9
5
1
5
9
5
1
1
0
4
8
4
8
4
5
9
5
4
0
4
0
4
0
1
0
4
0
4
0
1
0
4
0
4
0
4
0
4
0
1
0
4
0
4
0
1
0
1
5
1
5
4
8
9
5
4
0
1
5
1
5
9
10
9
10
9
13
1
0
1
0
4
0
4
8
4
5
4
8
9
8
9
5
9
1
0
1
0
1
0
4
0
4
0
1
0
1
0
1
0
4
0
4
0
1
0
1
0
1
0
4
0
4
0
4
1
0
1
0
4
5
1
0
1
5
4
5
4
8
4
0
1
5
4
5
1
5
1
0
1
5
4
4
0
1
5
6
1
0
1
0
4
0
1
0
4
0
1
0
4
1
0
4
0
1
5
4
5
4
1
0
1
0
4
0
4
0
4
0
4
0
1
0
4
0
1
0
1
0
4
0
1
0
1
0
1
0
4
0
4
5
1
1
0
4
0
1
0
4
5
6
2
3
4
0
4
0
4
0
1
0
1
0
4
5
4
1
0
4
8
4
5
9
4
0
1
2
1
0
1
5
9
8
9
8
4
0
4
0
1
0
4
5
4
0
1
2
1
5
4
0
1
0
1
0
4
0
1
5
9
8
4
8
4
1
0
1
0
1
0
1
0
1
0
4
0
4
0
4
0
1
0
4
0
4
0
1
0
1
0
4
0
4
0
1
0
4
0
1
0
1
0
4
0
4
0
4
0
4
0
1
0
4
5
1
5
4
5
1
5
1
0
1
0
1
0
1
5
1
0
4
0
4
0
4
5
4
0
4
8
4
8
4
8
4
0
1
5
4
0
4
0
1
0
4
5
1
0
1
5
1
5
1
0
1
5
1
5
1
0
1
5
4
0
4
0
4
5
4
8
4
8
4
8
4
5
4
8
4
5
1
5
1
5
1
5
1
0
4
8
4
0
4
8
4
8
4
0
4
8
4
5
1
0
4
